9.324171194378886307e-01 -7.405316315110722913e-02 3.772278303952959766e-02 2.537613812559059295e-02 2.281836565497920299e-02 1.570447449202196782e-02 3.706749393506193063e-02 5.309007760628324524e-02 -1.971294297258488828e-02 -1.793925264638380201e-01 6.977397905094255559e-02 1.285205643788821517e-01 9.810336042238278209e-03 1.670272384091586737e-02 5.995956489807688361e-02 2.207843679119855969e-03 -6.477300663906780664e-02 -4.560609637638865510e-02 4.744363444611406772e-02 4.156372933072678688e-02 1.178032790902850541e-01 3.650992141929369772e-02 -1.508041368488806377e-02 -3.751407670862140151e-03 -3.175466187551390790e-02 4.631286934424889284e-02 4.917207466521364423e-02 5.310105617708804626e-02 1.675596569275563177e-02 2.417411692511627075e-02 -9.615557299278051917e-02 1.586368640011660003e-01 -1.563530100527995778e-02 2.102834636153043668e-01 2.729345166989710636e-02 -4.558572240313543134e-01 2.774471279588346107e-02 2.751608942670618618e-01 -2.310465620116082877e-02 -7.459446052448765602e-03 1.318986421954730301e-02 5.122071107712768134e-02 4.698002525921170236e-02 -7.550594735054663720e-02 -5.849173313203503977e-05 -5.518677222352824652e-02 2.242758583167621042e-02 1.074720796333537842e-02 -2.554938428696375795e-03 -3.720650758398952318e-02 -2.675431300754282579e-02 3.661315842323484976e-02 5.864782711827504214e-02 2.229000334736985223e-01 3.447002567993971006e-02 -5.174281440239470592e-02 -3.760564367616227588e-01 7.507006926296945493e-02 -1.090472527407617201e-02 -3.013171375734069977e-03 -1.450160974872853614e-02 -8.153566238490556842e-04 -2.840479341143179251e-02 1.599324531904803420e-02 -3.378250890318549530e-03 1.504680560045380984e-02 1.179785022238093867e-02 1.232126705099757108e-02 2.822151552915701939e-02 -2.180564834464179900e-04 -4.552900712136611315e-03 -1.519261289556687877e-02 9.710090632310087316e-03 -4.317764838900643373e-04 4.103904289223712920e-03 1.820682971401105243e-02 -1.620385860521501506e-02 9.295037807212459336e-04 -2.618176248196814934e-03 -5.510603082349028840e-03 -1.073006964336280927e-02 1.789917514053581890e-02 -4.626738647098080880e-03 -1.218315057096086736e-03 -3.587405542723478679e-03 2.539777823445812238e-02 -9.643575689755745292e-03 -2.107093462725243092e-03 -7.465301216436189859e-03 -3.962083032015221995e-02 -7.895366660181386137e-03 4.488198621667625898e-03 -5.149941274338515340e-03 1.399609685701124363e-03 1.476376435750205093e-02 6.718050500959958996e-03 1.110482005388419187e-02 2.590113287342518493e-03 4.487469968602389274e-03 -1.835144624982990372e-02 -4.800712602547555635e-03 5.820721461603518485e-03 7.220268243472077740e-03 -1.447162537163859675e-02 -6.899292538734766445e-04 -1.612937579695872953e-03
-7.405316315110722913e-02 1.003405680900652408e+00 2.872853584284510570e-02 1.615161423308141952e-03 -8.152524195545404057e-03 -1.449097184670478447e-02 -8.765647136202744938e-03 -1.567891055338829082e-04 5.659625710496877203e-03 4.331570710511792321e-02 -2.480208270528191927e-02 -4.058124697403069775e-02 -1.047793806861715971e-02 -3.600589307266784458e-03 -3.826599945424906737e-03 1.403067609738941485e-02 7.410082979023275770e-03 8.732198007842660592e-03 3.641158201191127541e-02 3.619348556276062723e-02 -3.302464899220236214e-03 1.481877605312219119e-02 6.146267255216400494e-03 -1.608316920593683141e-02 -5.001826332395209462e-03 -2.384180954531074474e-03 1.519869698170444282e-03 -2.212800450567983107e-02 1.680156962876097615e-02 -2.110652120422936351e-05 -1.080757884999046514e-02 -1.861254383392314110e-02 -2.741057631204125294e-04 -1.981580143837857050e-02 2.549018278225191267e-03 3.434490575062493917e-02 2.654396488001775634e-02 -2.767856506842664155e-02 5.467757543382568280e-03 4.532571024743044415e-03 8.488115138749845884e-03 -1.792837471891506329e-02 -3.568041186889837207e-02 2.686744591593038731e-02 1.150857558433833992e-02 -1.664408403619967777e-03 6.813632924860466011e-03 -1.405515604583826815e-02 1.880345063020996688e-02 4.116740669171817593e-03 3.713111792577018181e-03 7.816302219662521911e-04 -3.472397521587361306e-03 -1.587911406590778937e-02 4.484289956222731882e-03 2.554411498910421838e-02 1.016404810909786113e-02 2.474050816620833662e-03 -1.418844693708329850e-02 -6.282279174338002703e-02 -5.145059196328453238e-02 1.176510138870715677e-01 5.967935343065138530e-03 -5.716093285488831055e-02 9.607823147622599619e-04 -2.614191610571028716e-03 -4.428598909992935775e-03 1.617465450989606993e-02 2.934434953503983756e-02 1.064220372168028653e-03 -1.684672098673249598e-03 3.118699074942657065e-02 -5.081830902620928375e-03 -2.624177977614193264e-03 -5.401160964893812755e-03 -1.146692404123895136e-02 3.623679666298983831e-02 6.215245062821595466e-03 -1.159113315463739143e-02 1.186673415973767826e-02 8.571131172323701378e-03 -1.952598002111335246e-03 -9.839314082604209977e-03 -2.100725481323621920e-03 -1.344615760960662931e-02 -2.486018026804911584e-03 1.070805953164240786e-02 -2.687133382592101633e-03 4.394656756106735639e-03 1.366417291941681156e-01 3.312091087649787768e-02 2.564939738732378675e-03 2.711486442331972543e-02 -2.016609155735237663e-02 -1.273217145463980370e-03 -1.457968433847031328e-02 6.390993647436369468e-03 -3.865029810682336225e-03 -1.040606109784965316e-02 -1.060456208268724301e-03 -2.228814506940498229e-03 3.003601616459677416e-03 -7.466366735171255098e-02 -1.110171322759039882e-02 6.468983273877256142e-03 3.340422381071579683e-03
3.772278303952959766e-02 2.872853584284510570e-02 9.529857708774963632e-01 4.199213955553937443e-04 1.516265295333992305e-02 1.815392713047242479e-01 -1.389926553498602863e-02 -4.802858707129478710e-02 3.632453473558627105e-03 -1.637085869190185727e-02 5.581336560649194367e-02 9.998798985066907619e-02 -2.161156019018955002e-02 3.656680697895164662e-03 -4.905277206861891753e-02 2.115254890519902703e-02 3.489457758918303046e-04 8.399313429298237849e-03 1.937513515637613939e-02 2.463837312645909133e-02 3.836008445893194369e-02 2.588620276850028476e-02 -2.512982692014336175e-02 -1.772542004433895133e-02 -8.873325750540918960e-03 -2.217392090301811922e-03 4.002791048405213853e-02 -2.934890006218646846e-02 3.946549571278137360e-03 1.501979393942435778e-02 -4.695357734690843582e-02 -2.009169134594525341e-01 -1.962336511516125231e-02 3.358472297852050925e-01 -3.131804344046838773e-02 -1.011119172362006935e-01 -9.474554273355850764e-02 -1.751197535031441543e-01 -2.477819248681201181e-01 1.186289760645687155e-02 2.242162917493247254e-01 -8.286553386443053226e-03 1.142475260187105629e-01 1.108960291490744543e-01 4.767370262040059037e-02 -1.185957661760581178e-01 -7.915499902576765556e-02 -6.881806145611880920e-02 5.718024995183496745e-02 -1.452783952781732356e-02 -2.243292779985803578e-02 1.386945980418167468e-01 -4.874747438246815334e-02 4.939973796629839597e-01 -1.263988811374536225e-01 -2.026848897270634720e-02 -5.418849535184862287e-02 -2.923230825017618661e-01 -3.489056521792934240e-01 -6.526888456409257397e-03 -2.935007314452058470e-03 -9.340094455397363049e-02 -5.085323284446127343e-03 8.269502772529002677e-02 8.212319986178634457e-03 -2.104949275787004401e-03 6.741842928354616765e-03 -5.439020875718313108e-03 -1.324031341195034718e-02 -9.256425226499043896e-03 2.727085653453445620e-03 4.037591757565773230e-03 -1.386961931814720359e-03 -6.364823508726393832e-03 -2.141815180907474456e-02 1.174063335608474708e-02 4.503841089808250861e-03 -8.909542913025404742e-03 -9.801994322230070389e-03 -7.051157429178360123e-03 9.874727928791797189e-04 -6.127098273452516800e-03 2.014218301834906286e-02 1.176555781732740308e-02 1.948238672652069601e-03 3.606311114859130952e-03 -1.529258497449532267e-02 -2.094077291337156400e-03 -9.367250800704256947e-03 4.450958470068853978e-02 -1.013875311875103886e-03 -6.529275525166088751e-03 -4.682569259832996406e-03 -1.012772079617218351e-02 4.826653383955785762e-03 2.003141215286432294e-03 -5.840301867875904822e-03 -3.688743732807333447e-03 -2.288626765086324358e-03 -8.378481225896087983e-04 -1.426784695386449156e-02 -6.984550247654720476e-03 -1.521833444090523596e-02 1.902884789111086673e-03 4.666996105626424786e-03 1.376545876276541631e-02
2.537613812559059295e-02 1.615161423308141952e-03 4.199213955553937443e-04 9.390818641208215078e-01 -6.520344185724603892e-02 2.303291605146170345e-02 -1.865788229475965482e-02 -1.523309893590198312e-02 -3.308158713325389812e-04 -2.055270346991001570e-02 6.515009470512096723e-02 2.592703854922914081e-02 -1.604463217415980775e-02 1.084650009127081189e-03 2.485536630589408377e-03 6.065612605997905893e-04 -2.996627081947499105e-03 -2.314011346362180623e-03 -1.737883650438003334e-03 -2.782341606699452203e-03 -3.401539514451583628e-03 -3.624821287686236671e-03 -9.834756348049974312e-03 -1.276377274046132382e-02 -1.861408256489810995e-04 2.693759558091311790e-02 -1.663084892893027661e-02 6.390615148476700216e-03 4.322353268339865218e-03 1.372092237132976345e-01 -1.955268787560927174e-02 7.775689838330691016e-03 -5.403873245604056200e-03 -1.322008617136053582e-02 3.232935508346964932e-03 5.336905083919562566e-03 4.120208809786872310e-03 2.768158610326545109e-03 -8.069102728731125662e-03 -1.328538691674898981e-03 -2.039784937768152409e-02 1.483949657784904702e-02 -3.865918761098525655e-04 -3.038719695274693777e-03 -1.075458000252464859e-02 -5.498212396059697776e-03 1.135993090242911306e-03 4.230609803026343096e-02 -1.356025254438765655e-02 6.440225073062535999e-03 -1.429340763490525266e-02 -1.423409834043102076e-02 2.461048361327345183e-03 -9.005220258125659280e-03 1.562679620352694712e-02 -4.620902185710593253e-04 -2.074517797477968759e-03 1.896578140319974499e-03 -1.015983461583853595e-02 3.737042958501492142e-04 6.845853423136791065e-03 -2.186169817864071999e-04 1.119010861822266039e-03 -3.584824042431032122e-03 -2.026426165275789591e-03 9.913310632487766852e-04 -5.559365422738144109e-03 -5.789590145651003035e-04 -5.841515401693167693e-03 8.562109210667931056e-03 -1.016865872729320495e-03 1.786156317563555428e-03 -3.551522392044890574e-03 -4.361235431978967986e-03 -4.150380972837874882e-03 5.290780831622180977e-04 -5.458382154559237058e-04 -2.498901153990905517e-03 -1.494336070037685150e-04 -1.250869785717881755e-03 -4.873235265920850511e-03 -1.000952348785364571e-03 3.178652687702881096e-04 1.532525181871360062e-03 -2.516621362814828230e-03 -5.824153160469503453e-03 -1.084453907459781777e-03 5.557680757279117624e-03 -6.510429588149906251e-04 8.112366406802617828e-04 -8.082784885188306961e-04 -4.051590535114707957e-04 -9.484540581841730249e-04 -4.311194838267669652e-03 -1.447812991180615159e-03 -2.031123135943190428e-03 -1.646618525229091856e-03 -1.833527766134590174e-03 8.348936531118960822e-03 4.077934503065051494e-03 -1.906416920979004618e-03 -1.980711960665967799e-03 -2.412204169593448917e-03 1.187927855961809108e-03 -4.236699716856474375e-03 1.482368353631087488e-02
2.281836565497920299e-02 -8.152524195545404057e-03 1.516265295333992305e-02 -6.520344185724603892e-02 9.790422693485962835e-01 1.806278234543295252e-02 2.084787487362604538e-03 1.020494711392948631e-02 -2.219937729685858129e-03 -1.444722377301795035e-02 1.226674592920547202e-02 1.448855060797610977e-02 -4.981755002123293766e-03 -2.845282403059209032e-03 -5.498721090822476960e-03 -3.275038264660802903e-03 -3.548373542162096966e-03 -9.186025093300230829e-03 -1.110066009698041679e-03 3.335383817122243924e-03 2.591024163477729115e-03 -9.468634457663825318e-03 6.487970264954083001e-04 -7.832397152944689522e-03 4.626262188033861827e-03 3.499207403358853968e-02 -9.077947767799278422e-03 1.869512417755794798e-02 1.793624904736918586e-03 2.648048530985001175e-02 -1.145523795931826898e-02 -3.759727157667984605e-03 -8.154608284263890894e-03 1.449015713125008376e-02 -5.977203426190215441e-03 -1.161686255304144981e-02 -2.760873540820127023e-03 5.240015537831968842e-03 -1.047876150247088224e-02 6.362429733886579286e-03 5.784697428312919956e-03 1.488502597703585985e-02 -6.431750440058500023e-03 -8.643229196265844391e-03 -3.695458472341795007e-03 -1.862555209406102641e-02 -7.156615932354188497e-03 2.102368326291350481e-02 -7.863119518246315665e-03 5.747274435971073611e-03 -2.073341768651773120e-03 9.845806925318336192e-04 -5.625942253738107010e-03 1.708921141281995182e-02 1.023697902763577583e-02 -2.824337098572067290e-03 -1.638552336711505963e-02 -1.856781829100707590e-02 -3.515680828161571632e-03 -7.233440283012258429e-03 3.840370717825012173e-03 -8.431695875095962175e-03 -1.321528745799892095e-03 7.505837471916514125e-03 5.192468383403941838e-03 7.035719459894540159e-03 8.360911926164702607e-03 -3.308614034460332677e-03 -5.032143800184758070e-03 -3.798868482383598727e-03 -5.470440213455347173e-03 -3.442860209032923627e-03 -1.195225494864158178e-03 -8.046677895974824191e-03 -1.990178394037339215e-03 1.249429570771553623e-02 -6.733406705706279811e-03 1.228902139011755264e-03 4.026039094580118743e-02 4.900275345187827050e-03 1.878782093340473219e-04 2.345484223653214548e-03 5.217472957491151378e-03 1.718720061165496683e-03 -1.663898698245230325e-04 -9.167461153022225112e-03 -9.501369361097466992e-03 -4.706116883656417775e-03 -3.481071710735113203e-03 -1.178133154197113369e-02 -2.583561840772468851e-04 -2.718817164943047610e-03 -4.680854553440980462e-03 1.944265313701972310e-04 -4.322640440078109360e-03 -5.710153195873870872e-03 -5.412884542350579996e-04 -4.362942886262521566e-03 1.049133315711158615e-02 2.097623971383893310e-03 -4.081971575934434035e-03 1.111398480801836092e-02 3.090456874046374446e-03 3.888422452881692103e-03 -6.455785312014770266e-03 1.012305727207287766e-02
1.570447449202196782e-02 -1.449097184670478447e-02 1.815392713047242479e-01 2.303291605146170345e-02 1.806278234543295252e-02 9.362513303057421465e-01 -1.119985914005312833e-03 5.898563645848273196e-03 -1.403657733466653554e-02 -7.768234511035153160e-03 9.738041154057354432e-02 8.937624507703487153e-02 -2.418833680835188668e-02 -1.022909122063607804e-02 -1.481522881204314079e-01 -2.733359783130444309e-02 -8.277511688454038119e-02 -3.706133965558945642e-02 -5.225303974866356629e-03 3.775962091509734038e-04 -1.064700978890811747e-04 -1.155538063526798977e-02 4.792683256121496246e-03 1.692386427903102425e-02 3.521103559126281118e-02 3.281657327568697491e-02 3.578480989666810858e-02 2.918313202073409551e-02 -6.471086454755278598e-03 4.122728167687889772e-02 -5.551559318897290873e-02 5.190655976270781152e-02 -1.428071492656875522e-03 1.113821726349536745e-01 4.692632273101378718e-03 -1.222424656857425407e-01 -3.160524627872014856e-03 -9.069112087142812417e-02 -6.572236793232646979e-02 6.372801612935084618e-03 6.193818778367548433e-02 8.585515868689076735e-02 1.089619068175796401e-01 -2.216086153344410184e-02 2.165212661409126466e-02 -1.223347049696738853e-01 -3.363106654490088943e-02 2.121500602924962856e-02 2.186822818233030014e-02 3.992928711399102576e-03 -2.013225013650885020e-02 8.572371465626869858e-02 -1.487669925277862182e-01 1.542386651801415098e-01 4.997936174718126123e-02 -2.889104872366983837e-02 -1.968236150050448885e-01 -4.557933221323482234e-03 -9.320103014097097516e-02 3.573491847983184359e-03 -8.456284364476882379e-03 -3.361289548709932296e-02 -8.197611373585115147e-04 3.150601944982554803e-02 -9.022269632072885646e-04 -1.147182695114967385e-03 -8.284170934996027205e-03 -3.248605203348476408e-04 -8.315606609404387756e-03 1.415366501167703538e-02 -2.476270339093684155e-04 -1.167409180017552582e-02 4.600689431689421877e-03 1.083801869755579572e-02 -1.931962758033613269e-03 4.983089107646964701e-03 1.130106251127731753e-03 -4.130662408298205364e-03 7.020388768185121002e-04 -2.993378867768993912e-03 1.101731579171982291e-04 -8.664513353653827132e-03 -1.756606463262101389e-03 8.170557312121601301e-03 6.619265817538459717e-03 1.841371201642008713e-03 -6.266853689767065694e-03 9.102492787630282398e-03 1.963563960231686032e-03 1.445285015349680700e-02 -7.185263689761360768e-03 5.203704834973289263e-03 -1.025501987376739241e-02 -7.804750578622982049e-03 -6.845295825402091666e-03 3.036210170015729484e-03 -5.062232279001009638e-03 1.169318658261430093e-03 9.662862944753040917e-03 -9.380061674483807649e-03 7.697146578964381841e-03 -2.449040169884435930e-03 -6.187385734923419103e-03 -6.055488458509469471e-03 6.375063075262693904e-03 1.049614409161447881e-02
3.706749393506193063e-02 -8.765647136202744938e-03 -1.389926553498602863e-02 -1.865788229475965482e-02 2.084787487362604538e-03 -1.119985914005312833e-03 1.005361141312345996e+00 -4.803087196301440709e-02 -2.377166028361756087e-03 -2.603184419843408981e-01 -4.153334841231531849e-02 -5.276492723608498803e-02 -3.657337399451326271e-02 -3.046801078787717693e-03 -3.759064648116386409e-02 -1.981847606986081659e-02 -1.883077494213554123e-02 -8.811226774441790338e-03 -1.087681244993940477e-02 -1.219491628174243156e-02 -1.886039740757009670e-02 -1.445295999689673316e-02 2.043392542384762228e-02 -1.789044425661523224e-03 1.676842516984919026e-02 -3.558145199449186304e-03 -9.786859662362512244e-03 7.925024423026255649e-04 -5.544279907548114832e-03 1.157564394429132226e-02 1.994295273296134430e-02 2.691182433974396992e-02 1.628917832960209700e-02 -1.572536662686124104e-02 2.246319098418509547e-03 -9.441164125032640644e-03 2.062076090353452077e-03 1.149348099623357690e-02 1.259270684062994139e-01 8.986734469618297416e-02 -3.070831689697249567e-02 1.747430720832077525e-02 -1.924996723030151027e-02 -9.867325178867427521e-03 -2.938457597257395498e-02 -2.919415510171797720e-02 -9.616013514434243112e-03 1.793306215360464251e-02 1.093089898290972029e-02 -5.506733985552621224e-02 4.239983929259117518e-02 -1.864196614673496039e-02 -3.767383478884830245e-02 -9.850901331541161293e-03 2.711165992373619493e-02 -2.367337215137374669e-03 -2.945499014746991509e-02 2.023375633731423762e-02 -1.008159273065041550e-02 2.434110531383247913e-02 1.612619930212592229e-02 5.085099125054971803e-02 1.295826901620228053e-03 -5.757015779189629534e-02 3.221954831986259798e-03 -4.670155095955819298e-03 -4.446301910584989081e-03 3.069566614381973816e-03 -2.374819271659051826e-03 -7.194911598758022345e-03 -4.782254986588654194e-03 -4.681752097756853789e-03 1.700675671592837782e-03 1.564192768921379099e-03 3.563951260709741654e-03 -4.424331893817077740e-03 -1.863451105189748748e-03 -5.318565952890999537e-03 -1.073795198018379256e-03 -2.873582207801913656e-03 -5.058208647164138920e-03 -3.916790427402569788e-03 -3.103571777847278623e-03 3.480707230091389069e-03 -4.914267864445137808e-03 -5.092162560812949802e-03 -8.421120082977044327e-03 5.447992322089063345e-03 5.971960406379472723e-03 -1.988056174945997123e-02 1.335333931171551721e-03 -2.911378871307812415e-03 -4.746406841381489543e-03 1.410164832742573718e-02 -2.307222302106371869e-03 2.322985864395086392e-04 1.441319424766566298e-02 -3.491317830962706488e-03 -8.376018395961085800e-03 -8.446972756528075069e-03 -3.712493181507961742e-03 -3.706484157339662473e-03 1.184614223502714926e-02 2.136547044975167179e-03 -4.656706083526820916e-03 2.706969902816091459e-03
5.309007760628324524e-02 -1.567891055338829082e-04 -4.802858707129478710e-02 -1.523309893590198312e-02 1.020494711392948631e-02 5.898563645848273196e-03 -4.803087196301440709e-02 1.005731041974452511e+00 -4.122184988106960060e-03 -3.960801682445161953e-01 -5.436030506822008695e-02 -7.765008048439434041e-02 -5.406538010697545249e-02 -5.283382615633254106e-03 -6.106690941697631020e-02 -1.880258021202920252e-02 -2.347339072727886583e-02 -6.199584913358230365e-03 -1.052610308964006640e-02 -1.421483250873887931e-02 -1.009875369057987478e-02 -9.825285390131442351e-03 1.229311528708297574e-02 -5.296499218466928227e-04 3.890664026423321792e-02 -2.942301868233979968e-03 -4.170821551440650338e-02 1.265515978190521751e-01 3.905407966257549296e-03 -1.660803959402371022e-02 -2.476702555649728035e-02 4.033464753884997978e-02 -7.916915876921074013e-03 -3.659480013928983946e-03 -6.431540304006111430e-03 -2.880544856717863131e-02 -3.167632545201665584e-03 1.754196478176867774e-02 2.000987009643509160e-02 -3.983943416721195084e-03 -4.493705022513613812e-02 -2.538789338414881511e-02 -2.437555043357472404e-02 -2.196644850071365410e-02 -5.935246731296148215e-02 -4.270877392190716715e-03 -1.659326407351034011e-02 1.608374008470623839e-01 2.323565832070463855e-01 -9.197709732435097041e-02 -1.559945667015890172e-02 1.037711710484080438e-02 -6.121805446261845141e-02 -1.403107392860365385e-02 5.860212819011784667e-03 -1.299081278800445251e-02 -3.015771464686610101e-02 3.868031162634261860e-02 2.642432708688435133e-02 2.567238121805842307e-02 -2.138207317735707838e-02 4.176696455769637190e-02 -1.107788302569954163e-02 -2.865558485402474806e-02 -7.390719210991416634e-03 -2.704966629009912353e-03 -4.074026983698753220e-03 -1.123307075917920686e-02 -4.360229337575051434e-03 -3.122580936887960242e-03 -2.948671571102338095e-03 -6.420002222072832519e-03 -1.007140748224049677e-03 2.173625827826393148e-03 1.988575773137104489e-03 -2.369521154376231717e-03 -1.249015911519359145e-03 5.583930750592298355e-03 -1.862041772746711498e-03 2.181227966318181714e-03 -1.764469745174567297e-03 -5.920050256207922551e-03 -1.169073478985039813e-02 -3.174889489802024210e-03 -7.480110547746108771e-03 -7.422072452366404796e-03 -1.405109639035289400e-03 -8.834966960657310298e-03 -5.547688294135221659e-03 -1.868219558880254011e-02 3.926679918136539646e-04 1.368155980332895613e-03 -3.505411357502142850e-03 -3.234541347478845242e-03 -4.357167683855258343e-03 -4.693476671374102391e-03 1.663208286290358178e-03 -5.224792304996337886e-03 -1.298729375635885100e-02 -4.180541555562009015e-03 -5.975074169747576595e-03 -1.704775589540883513e-05 3.162363620214653226e-02 -5.703440724116501728e-03 -7.327185936232064045e-05 -1.180808097975746471e-02
-1.971294297258488828e-02 5.659625710496877203e-03 3.632453473558627105e-03 -3.308158713325389812e-04 -2.219937729685858129e-03 -1.403657733466653554e-02 -2.377166028361756087e-03 -4.122184988106960060e-03 1.166546805139927256e+00 -2.593742358791521416e-02 -1.867519647203768219e-03 -4.580543535322870521e-03 -3.237455449286324918e-03 -4.700484115134442886e-04 -4.740741759947329596e-03 2.517079092173601235e-02 8.633274763102428279e-03 -2.368508714866141181e-03 -1.553407096107953765e-03 -1.985563279425844093e-03 1.425915974698318232e-02 -2.677815095788298357e-03 -3.039444449098076088e-03 -3.474996613792713431e-03 -5.670120079954491660e-03 -6.770403216745075154e-04 -7.606873641811437436e-03 -2.323385601774521133e-03 -8.553495604532451594e-04 -7.984568922096734519e-04 1.835287499970836766e-03 -8.777154701349038210e-04 -3.541787913440202834e-04 -6.467764822221644914e-03 -2.268820800808312842e-03 1.069882336183945737e-02 -3.636114577304093171e-03 -3.507451225442171413e-03 -6.934520888239722666e-03 -2.994570966366648596e-04 -6.395359742240019213e-03 -4.287258494905956882e-03 -3.530489636755409621e-03 -4.262047415691786259e-03 -4.847355825311568459e-03 -7.081099101825276063e-03 -1.462537361929468682e-03 -4.667651579943359053e-03 -2.108389023603048345e-03 -5.734221212314604549e-03 -2.613633625184243973e-03 -4.051907882207174925e-03 6.695476952977869045e-02 -1.002227307894267526e-02 -6.033544206426533045e-03 -3.694396894723245978e-03 2.364253784094300787e-02 -7.137159406489288101e-03 8.540144447161911179e-03 -1.850475380098657923e-03 -2.940656590006869141e-03 9.984913784627914499e-03 -1.832812517311202191e-03 -5.916281643235572242e-03 -3.757874324594000898e-04 -9.226813384313203598e-04 -7.208085045158126730e-04 -9.531475561353995596e-04 -9.037958342019058924e-04 -1.045767821348319183e-03 -5.435407163240350446e-04 -1.146141702056455982e-03 -7.948272822330979068e-04 -3.494910548960355307e-04 -9.484480263547617534e-04 -4.498720586547939990e-04 -9.191134064579415709e-04 -6.700182196484885059e-04 -1.656608731805322293e-04 -3.705010463348470061e-04 -4.235613529328964284e-04 -3.801221600449292311e-04 -6.210938527410971065e-04 -4.963405958876827926e-04 -4.904014033995084685e-04 -6.959156922055646441e-04 -9.825715414939315169e-04 -6.050608323678198898e-04 -4.491560093303253380e-04 -2.983717476530282561e-03 -6.866468263682176274e-04 -4.491560093303800360e-04 -6.842254502132525317e-04 -1.189940166838206453e-03 -7.466074230579643548e-04 -6.480763269712958843e-04 -1.125677559946568988e-03 -3.254181310477101256e-04 -8.970289437748642670e-04 -5.757129916843119590e-04 -4.538157352851932371e-04 -4.464591484849664174e-04 6.010904417976098250e-03 -9.833579869349504555e-04 -3.109541603057126651e-04 -2.186592394906059032e-03
-1.793925264638380201e-01 4.331570710511792321e-02 -1.637085869190185727e-02 -2.055270346991001570e-02 -1.444722377301795035e-02 -7.768234511035153160e-03 -2.603184419843408981e-01 -3.960801682445161953e-01 -2.593742358791521416e-02 9.910637408635578627e-01 -2.764377380464716483e-01 -4.371456853475069182e-01 -3.054355244973677164e-01 -3.324385811751385394e-02 -3.689453685270996375e-01 1.368780411438959982e-02 2.810748845421561642e-02 1.309643933039396184e-02 1.564310543112682958e-02 1.429031833674223109e-02 -1.747113723724320888e-02 1.073111778366757536e-02 -4.891714506836464423e-03 1.277154979556265578e-02 -1.961405785346094499e-02 -5.635528084569933760e-02 5.800321783153533639e-02 -7.743319613116231293e-02 7.835262079358444251e-03 -6.263974440838378233e-02 -1.410887972562601192e-03 -1.017153070480045045e-02 -1.697939319564476099e-03 -5.826200856039629589e-02 2.654992515916783802e-03 8.026674645692703780e-02 1.187582376871151348e-02 -4.350449512267611646e-02 3.476676426329596004e-02 -2.385252386600939661e-02 6.740397652507613968e-02 -1.332250128139999233e-02 -9.628597078325258629e-02 9.569281432223339379e-02 1.371334893183150938e-01 8.930980029885793314e-02 4.145615338408401712e-02 -1.017162572627543504e-01 -1.214525687576732127e-01 8.465474054926649949e-02 3.823467354615889269e-02 4.477318859784774202e-02 -3.699219908836318127e-01 -5.303787823652184041e-02 1.660094755445695736e-02 3.096068929474711517e-02 4.178032694381395018e-02 6.119038365338774245e-03 -1.686031805123933136e-02 -2.057189124443927278e-02 -4.093151646777761291e-03 -7.827665994817401343e-03 1.512691190527275069e-02 1.036907880726535731e-02 9.228700857007629196e-03 -5.094570810180766747e-03 -2.980986512643297309e-03 4.970966775890363516e-03 3.684275333835773138e-03 1.602172429394459197e-02 1.152755729292790840e-02 2.143549578706035671e-02 3.902406682441341042e-04 -1.675466229054831981e-03 3.394604530125057418e-06 -4.124146224591897572e-03 1.900224439178586563e-02 4.571407420789009093e-03 4.651815064803328618e-03 -6.554638954947586936e-03 6.527339613568400138e-03 -2.088400532306402321e-04 3.561098538441383014e-03 -6.074769340220633612e-03 1.602459942222921388e-02 -6.332709113948030433e-03 1.434096664705733493e-02 6.257973070530271735e-03 7.039388694941665567e-03 4.286294462160365748e-02 6.963929002645626552e-03 2.371215542804607120e-03 1.044270059473417951e-02 1.484901639550814494e-02 8.098803599474709361e-03 1.129124124503670190e-03 2.966275219030732775e-03 2.358569272262197626e-03 -1.641095254664663369e-02 -1.712192285378040177e-02 -5.984721560346382280e-03 2.248888208667902937e-03 -3.977381732928871039e-02 1.142667443066400050e-02 6.017014829654387942e-03 1.062796209845150337e-03
6.977397905094255559e-02 -2.480208270528191927e-02 5.581336560649194367e-02 6.515009470512096723e-02 1.226674592920547202e-02 9.738041154057354432e-02 -4.153334841231531849e-02 -5.436030506822008695e-02 -1.867519647203768219e-03 -2.764377380464716483e-01 9.834258049820514547e-01 -5.945491052128142051e-02 -4.089435170176801415e-02 -2.393590017638828893e-03 -3.488491896713643431e-02 -2.535908825262811559e-03 -1.257327879417079880e-02 -4.236701834709589477e-03 -3.918375030355700575e-03 -4.828754443583127900e-03 -1.598222099866623488e-03 -1.682494172766911761e-03 -1.997761466658593953e-03 -9.485094112519618093e-03 1.710986246365351834e-02 1.353027816014513648e-02 -1.206319382065916546e-02 -7.173963246059486369e-03 -4.355628312630592698e-03 5.344192457108492417e-02 -1.327930332786665581e-03 -8.837886844312189266e-03 -7.238568195114125289e-03 4.864940356504848101e-02 -9.313879617143937251e-03 -4.203129198981611636e-02 -4.572889271116000430e-03 3.437982975716581333e-03 -4.100322281410569147e-02 -2.378311740914127934e-03 -1.339206153630578475e-02 1.067852105548599551e-01 2.176381829717911193e-02 -2.504664324064783537e-02 -2.930051018661563450e-02 -2.827198285213065876e-02 -7.660527037467597042e-03 -1.812491110667560634e-02 -2.555092975790363569e-02 8.599802923265328913e-02 -3.294711302860650615e-02 -1.946735337397333815e-02 -3.494131519183373003e-02 6.059096009849537778e-02 -1.750007975798791721e-02 -1.411765816312987240e-02 -2.361027619722663382e-02 -1.974799016566283066e-02 -2.360681889308298420e-02 -1.035185454177874054e-02 4.303166141752185272e-03 -3.654685476604085936e-02 -2.853824850983920948e-03 3.205485106000553752e-02 -6.286601018899004058e-03 5.316769953960346316e-03 -5.926859880039726455e-03 -5.571159795777490785e-03 2.053034426075221047e-02 2.151205468718024247e-03 -4.739301341502556719e-03 -7.165730891673788988e-03 -4.653437707565213736e-03 -4.560324495202815534e-04 3.201974190563659263e-03 1.301504836069134266e-02 -5.738139405666978915e-03 -1.779915741574053870e-04 -8.435816453071129069e-04 6.589535721987561413e-03 -5.778137067563872062e-03 5.244039805140736019e-03 7.021062699818077409e-03 4.585463395733492542e-04 -5.214737833244386354e-03 7.838943270747937217e-04 -4.210392897854806429e-03 -1.723645753625500541e-03 -2.976448733178674051e-03 -7.537602432564123427e-03 -4.441241161522906447e-03 -2.287201305148429953e-03 -3.971713039245317045e-03 -1.205453558068051399e-02 -2.926654887477208797e-03 5.158379088194193531e-03 -7.928995295744699009e-03 -3.821023685434961174e-03 1.065521514616233137e-02 2.036977909245139134e-02 1.153207885891438002e-02 4.386040972730631191e-03 -8.643367021752130369e-03 -2.343810982926920836e-03 2.874663966440179578e-03 2.540751805656723400e-02
1.285205643788821517e-01 -4.058124697403069775e-02 9.998798985066907619e-02 2.592703854922914081e-02 1.448855060797610977e-02 8.937624507703487153e-02 -5.276492723608498803e-02 -7.765008048439434041e-02 -4.580543535322870521e-03 -4.371456853475069182e-01 -5.945491052128142051e-02 9.927368376910916670e-01 -5.957391080096607894e-02 -5.870858332298279671e-03 -6.763564724348752888e-02 -2.898581421143867944e-03 -1.487138024085059643e-02 -1.476699762520719723e-02 -7.836527596753605114e-04 -4.001790648515320299e-03 3.653040581050393670e-02 -4.159469659859424753e-03 -5.971527938165941546e-03 1.114735531550660637e-03 -9.225379379358449733e-03 1.276014117769290988e-02 1.249819265473687060e-02 -1.061783727031349878e-02 -1.068323170765221077e-02 7.603812438091003822e-02 -2.181761130840213087e-02 -1.191721374163419271e-02 5.071611314197292707e-04 1.041304577560464850e-01 3.023914103428367809e-03 -9.607475115465331783e-02 -1.474291335903435765e-02 -2.373000406544599743e-03 -8.600287872936851485e-02 -4.409337918247089629e-03 7.015978389379966262e-02 1.989487909486364892e-02 2.363180675850879431e-01 -4.789350871311393726e-02 -5.464817320324260458e-02 -2.839931452123430761e-02 -1.843393048478324595e-02 1.445440365659977043e-02 -3.671052428824700398e-02 3.696201470008086271e-02 -3.346987085307420728e-02 -6.408189822523722426e-04 -6.780396915021331961e-02 1.076648452590097255e-01 -2.824296831070067376e-02 -1.692589277011777651e-02 -6.985099182722599720e-02 -3.722282362283508422e-02 -3.965511902805161915e-03 -4.814674919702837882e-03 -4.078107779953246172e-03 -5.530929177077446163e-02 -1.471956972145459751e-02 5.340617727547059684e-02 -2.839400101871137130e-03 2.687402304823410630e-03 -1.033860736833949918e-03 8.769984426038011927e-03 -2.074630714377774000e-03 -8.059531283156470480e-03 -4.166588587648434837e-03 -1.086087624104744610e-02 6.204430252034688620e-03 5.004485958920272537e-04 -7.375200687031993954e-03 1.250139765611275877e-02 -1.230905264171909541e-02 -9.566206525295307961e-03 -2.069087978649399202e-03 1.043330645455257466e-03 -8.129631510493087049e-03 1.270664771053912900e-02 -1.904816520432290510e-03 1.684939612005907292e-02 -3.659655531082740224e-03 1.799575043404453428e-02 -3.922209161785030103e-03 1.346350461257805886e-03 -6.150344561138202173e-03 -1.593216667678622883e-02 -1.328049054192652952e-03 2.187754044366537550e-04 -6.831859404735914727e-04 -1.680808600804015174e-02 -1.100434653407500810e-04 -2.528355710307194498e-03 -7.525444978673086205e-03 3.386648091515944911e-04 3.522474037417566706e-02 -9.510948651913864876e-03 8.697235282802931455e-03 -1.194003352452614524e-03 1.115347330173042939e-02 -4.631635677847550925e-03 -1.297678760146850655e-03 -1.178637532874783535e-03
9.810336042238278209e-03 -1.047793806861715971e-02 -2.161156019018955002e-02 -1.604463217415980775e-02 -4.981755002123293766e-03 -2.418833680835188668e-02 -3.657337399451326271e-02 -5.406538010697545249e-02 -3.237455449286324918e-03 -3.054355244973677164e-01 -4.089435170176801415e-02 -5.957391080096607894e-02 9.879696830015035625e-01 -4.149429462529862118e-03 -4.754092166794397084e-02 -2.116773434629500711e-02 -2.546626585496524278e-02 -7.748770394830051776e-03 -1.194429666744194728e-02 -1.180628675833086429e-02 -1.706206667056032328e-02 -1.689944548287674111e-02 1.974993630992479161e-03 -7.381913230637962217e-03 1.851173251357140018e-02 1.090085208987087578e-01 -4.820118121490041957e-02 6.490135798980874171e-02 -3.350918364513065170e-03 6.676372364521456285e-03 1.235358197276931365e-02 1.977686867093239598e-02 2.817312371622858122e-04 -1.030530786626729020e-02 6.829199987186647738e-04 -4.503671409597315373e-04 2.817781877738010417e-03 -1.155024116668806194e-02 5.380410289866377482e-02 -3.095569162156013715e-03 -5.030540656214786688e-02 9.505868710019640955e-03 -2.086827684616664180e-02 -3.265060720424596552e-02 -4.153943996047989445e-02 -2.725360073999062542e-03 -1.302359867697615997e-02 1.121342394821214783e-01 9.760227862916220909e-02 -6.689236106610657595e-02 1.682625844372436300e-02 -1.518460499305553796e-02 -4.766032876004191315e-02 -9.772983932395853945e-03 1.753318120164717303e-02 -1.511235001397594202e-02 -1.218955391345773707e-02 1.490370126792798025e-02 -1.941228467282916058e-03 5.956608724346114728e-03 1.445171859196377022e-02 1.631938178983079191e-02 -1.056506035861322183e-02 -1.970334006502431554e-02 -5.633764774382358891e-03 -4.048016867370444333e-03 1.472158065829443432e-02 -4.643945891549922447e-03 -1.141066557298424551e-02 -9.577027268199147028e-03 -5.842509372226396477e-03 -1.082191461755767359e-02 -4.422531672051923171e-03 2.780023809430009520e-04 8.450899105222656974e-05 -5.222348326499023051e-03 -8.673960908830071620e-03 2.111680765891213625e-03 -1.462398534119426375e-03 4.887985851973218610e-03 8.306495870510985022e-03 -4.560644346579484712e-03 1.728120579453865102e-02 -3.506188607724499990e-03 -5.768597058015925705e-03 -2.778121408125557371e-03 -2.941498253879834546e-03 -5.188094196056619589e-03 -4.330101682451023039e-03 -2.424594080095265197e-02 -6.561899073394562507e-03 4.008314064659979428e-03 -6.298340281776824458e-03 -9.531611584776777946e-03 -8.469272439850902140e-03 -1.903345187615397907e-03 1.938307434029449758e-04 4.325249412871367063e-03 -1.004330228120619943e-02 1.947663134226632758e-02 2.336349331192623825e-03 -4.615169210328134812e-03 2.539578937874505116e-02 -5.499381389665666288e-03 -4.935618826213270666e-03 -5.944538682602796414e-03
1.670272384091586737e-02 -3.600589307266784458e-03 3.656680697895164662e-03 1.084650009127081189e-03 -2.845282403059209032e-03 -1.022909122063607804e-02 -3.046801078787717693e-03 -5.283382615633254106e-03 -4.700484115134442886e-04 -3.324385811751385394e-02 -2.393590017638828893e-03 -5.870858332298279671e-03 -4.149429462529862118e-03 1.031594415747599136e+00 -6.076183546348120149e-03 -4.519814369593864664e-03 -5.108533915822617566e-03 -3.035705046041245123e-03 -1.990993628443008933e-03 -2.544885914397415193e-03 8.085873032448259723e-03 -3.432141392440426608e-03 5.348722596751161705e-03 -4.453884712034139083e-03 -7.267362805267585553e-03 -8.677589860569485990e-04 1.187031403225194577e-02 -2.977870991537360113e-03 -1.096296990802245663e-03 -1.023377959942394682e-03 -4.735360950575855424e-04 -1.004814938979483457e-02 -4.539490766213178383e-04 8.700432213035692516e-03 1.170258756427854270e-02 -4.790876560685103716e-03 -4.660388750531146464e-03 4.989916454027331846e-03 1.435975687629947048e-03 -3.838125710183744343e-04 -3.222116669140879987e-03 -5.494956452965949097e-03 5.290265047788440811e-02 2.704188223654327861e-03 6.193198494230501379e-04 -3.608278939760359728e-03 -1.874526372549809852e-03 -5.982504250651473135e-03 -2.702311018657521484e-03 -7.349520886318560223e-03 -3.349880342291295093e-03 2.490400982242668530e-03 -6.094902905358239031e-03 5.741911806856662363e-04 -1.472316636133667866e-02 -4.735088887364087736e-03 1.082102111563340227e-02 1.594462050845355102e-03 1.204888228988560545e-02 -2.371744470974386943e-03 5.713351550642450233e-03 -2.374050822025845341e-03 -2.349106073507071634e-03 4.322176784098935142e-04 -4.816447572242277503e-04 -1.182595773189983653e-03 -9.238564336502184081e-04 -1.221644162683291996e-03 -1.158390322676472375e-03 -1.340355064910041423e-03 -6.966532505952000671e-04 -1.469003734954812262e-03 -1.018725908104780664e-03 -4.479408297021978671e-04 -1.215620800311802445e-03 -5.765986293229306793e-04 -1.178022773720705917e-03 -8.587587951696466467e-04 -2.123266617045663164e-04 -4.748692241928245661e-04 -5.428763374753419130e-04 -4.872005545586407865e-04 -7.960526938304256228e-04 -6.361571068046121798e-04 -6.285448753223628554e-04 -8.919514482623630862e-04 -1.259356728513260455e-03 -7.755032567340644327e-04 -5.756808727052294431e-04 -3.824214849877613422e-03 -8.800715921241046959e-04 -5.756808727051565848e-04 -8.769681271611146425e-04 1.971903955687813112e-02 -9.569227705862490231e-04 -8.306359878078951918e-04 -1.442774952649991411e-03 -4.170866910029981996e-04 -1.149717235140323849e-03 -7.378882851297081675e-04 -5.816532187237290251e-04 -5.722243204763491006e-04 2.278920418097370778e-03 -1.260364711459964438e-03 -3.985482964883185221e-04 -2.802543864494281937e-03
